8, 6, 15, 3 (-30989) 									==> 7, 9, 0, 13
120, 200, 50, 1, 23 (510709601528)						==> 124, 54, 204, 253, 232
1, 0, 1, 1, 1, 0 (-18)									==> 0, 1, 0, 0, 1, 0
3, 0, 3, 2, 1 (-199)									==> 0, 3, 0, 1, 3
99, 40, 30, 99, 99 (-59700000)							==> 0, 59, 70, 0, 0
7, 6, 1, 4, 2 (-926)									==> 0, 1, 6, 3, 6
2, 7 (23)												==> 5, 1
1000, 18, 555, 738, 32 (-985395100658)					==> 0, 982, 445, 262, 969
1234, 7654, 888, 99991, 0 (123402717853311623994477)	==> 98764, 92344, 99110, 8, 0
0 (0) 													==> 0
34, 99, 100, 400, 666, 616, 0 (15415101628450343040)	==> 841, 776, 775, 475, 209, 260, 0
299, 299, 298, 100 (-500)								==> 0, 0, 1, 200 
4, 3, 2, 1, 0 (-195)									==> 0, 1, 2, 4, 0
55, 3000, 1055, 1500, 2000 (4876341585835250)			==> 2999, 54, 1999, 1554, 1055
20, 0, 0 (-32000)										==> 0, 20, 0, 0
0, 0, 5 (5)												==> 5, 5, 1